4.417837000000000444e+03 1.614099999999999824e+01
6.657479999999999563e+03 1.031000000000000050e+01
2.224810000000000088e+01 2.577999999999999847e+00
5.403000000000000000e+03 2.466000000000000014e+01
3.273500000000000227e+02 1.669999999999999929e+01
8.740000000000000000e+02 1.086999999999999922e+01
7.405099999999999909e+02 1.603000000000000114e+01
2.819152100000000019e+02 1.513199999999999967e+01
4.230317299999999818e+02 9.919999999999999929e+00
2.415400000000000091e+03 1.222000000000000064e+01
1.681320699999999988e+02 1.311500000000000021e+01
7.818618000000000166e+02 1.128700000000000081e+01
1.102819999999999936e+03 1.467999999999999972e+01
3.670936500000000251e+02 1.446000000000000085e+01
1.315816199999999981e+03 1.120899999999999963e+01
7.055825999999999567e+02 1.457199999999999918e+01
1.219999999999999929e+01 4.879999999999999893e+00
9.820946999999999889e+02 1.176900000000000013e+01
5.700000000000000178e+00 3.700000000000000178e+00
2.800000000000000000e+01 5.000000000000000000e+00
8.581000000000000227e+01 1.210999999999999943e+01
1.652599999999999909e+02 1.411999999999999922e+01
3.273648999999999887e+03 1.128700000000000081e+01
1.528762299999999925e+02 1.070500000000000007e+01
2.234344900000000109e+02 1.333900000000000041e+01
1.458839700000000050e+02 1.407900000000000063e+01
9.407400000000000091e+02 1.306799999999999962e+01
2.100000000000000000e+01 1.679999999999999938e+00
6.992000000000000171e+01 6.389999999999999680e+00
2.669771999999999821e+02 1.194899999999999984e+01
4.767450000000000188e+01 6.389000000000000234e+00
3.496130000000000109e+03 3.026399999999999935e+01
9.534900000000000091e+02 1.178100000000000058e+01
4.131789999999999964e+03 1.244200000000000017e+01
8.750000000000000000e+00 1.949999999999999956e+00
1.466999999999999993e+01 3.669999999999999929e+00
1.017999999999999972e+01 3.939999999999999947e+00
1.620000000000000107e+00 1.159999999999999920e+00
2.089999999999999858e+00 1.193000000000000060e+00
2.210000000000000142e+01 4.169999999999999929e+00
4.910000000000000142e+00 1.576999999999999957e+00
5.200000000000000178e+00 2.069999999999999840e+00
9.852729999999999563e+03 5.156099999999999994e+01
4.767449999999999818e+03 2.017599999999999838e+01
3.591300000000000182e+03 1.417900000000000027e+01
7.093669999999999618e+02 1.289000000000000057e+01
1.332661190000000033e+03 1.446000000000000085e+01
6.229467999999999961e+01 1.061500000000000021e+01
2.294732599999999820e+03 1.148900000000000077e+01
1.261785100000000057e+03 1.147799999999999976e+01
6.826988400000000183e+02 1.210599999999999987e+01
4.258922000000000025e+02 1.221799999999999997e+01
2.297910899999999970e+02 1.392200000000000060e+01
1.802019999999999982e+02 1.333900000000000041e+01
2.097589999999999861e+02 1.163499999999999979e+01
1.989530000000000030e+02 1.358500000000000085e+01
1.903801699999999926e+02 9.976000000000000867e+00
2.259679999999999893e+02 1.501999999999999957e+01
7.214741000000000213e+02 1.221799999999999997e+01
2.637989000000000033e+02 1.961599999999999966e+01
2.924035999999999831e+02 2.073699999999999832e+01
2.227988299999999981e+03 1.513199999999999967e+01
2.390081599999999980e+03 3.979200000000000159e+01
4.862798999999999978e+02 1.289000000000000057e+01
3.715280000000000200e+02 1.320400000000000063e+01
8.485699999999999932e+01 9.246999999999999886e+00
1.903720000000000141e+02 1.760900000000000176e+01
2.161244000000000085e+02 1.498600000000000065e+01
1.846592300000000080e+02 1.939199999999999946e+01
3.782176999999999794e+02 2.297800000000000153e+01
2.796904000000000110e+02 1.434800000000000075e+01
2.834920000000000186e+02 1.598399999999999999e+01
5.498229999999999791e+02 1.583799999999999919e+01
3.241865999999999985e+02 1.405599999999999916e+01
4.319309700000000021e+02 1.443699999999999939e+01
9.884512999999999749e+01 1.449300000000000033e+01
4.694349100000000021e+02 1.477299999999999969e+01
2.415508000000000095e+02 1.058099999999999952e+01
1.843413999999999930e+02 1.324900000000000055e+01
5.879855000000000018e+02 1.583799999999999919e+01
3.359320000000000164e+02 1.490799999999999947e+01
1.674964099999999974e+02 2.118499999999999872e+01
2.488608900000000119e+02 1.782199999999999918e+01
1.080622000000000043e+02 2.337099999999999866e+01
1.137831400000000031e+03 1.878600000000000136e+01
5.740009800000000268e+02 1.692599999999999838e+01
2.154887400000000071e+03 2.096099999999999852e+01
4.303418199999999842e+02 1.681400000000000006e+01
2.472717399999999941e+02 1.546799999999999997e+01
5.895499999999999545e+02 1.459399999999999942e+01
1.859305500000000109e+02 1.086200000000000010e+01
2.637989000000000033e+02 1.666799999999999926e+01
7.564353999999999587e+02 1.513199999999999967e+01
1.881553600000000017e+02 1.358500000000000085e+01
3.397602699999999913e+02 1.164600000000000080e+01
6.896911000000000058e+02 1.238599999999999923e+01
1.039304100000000062e+03 1.457199999999999918e+01
4.252565399999999727e+02 8.708999999999999631e+00
6.293034000000000106e+02 1.498600000000000065e+01
4.862798999999999978e+02 1.309200000000000053e+01
8.708541999999999916e+02 1.068200000000000038e+01
4.672101000000000113e+02 2.084900000000000020e+01
7.755051999999999452e+02 1.666799999999999926e+01
1.948297900000000027e+02 1.412299999999999933e+01
2.065894999999999868e+02 1.961599999999999966e+01
1.684499000000000137e+02 1.681400000000000006e+01
2.135817600000000027e+02 1.338400000000000034e+01
2.075429900000000032e+02 1.402200000000000024e+01
3.496129999999999995e+02 1.548000000000000043e+01
2.243879799999999989e+02 1.317099999999999937e+01
2.796904000000000110e+02 1.838299999999999912e+01
2.924035999999999831e+02 1.400000000000000000e+01
3.788533600000000092e+02 1.378700000000000081e+01
2.990780300000000125e+02 1.602899999999999991e+01
3.883882600000000025e+02 1.641000000000000014e+01
2.002329000000000008e+02 1.759799999999999898e+01
4.204710000000000036e+02 1.143299999999999983e+01
5.053496999999999844e+02 1.771000000000000085e+01
3.082951000000000022e+03 1.490799999999999947e+01
5.975203999999999951e+02 1.569299999999999962e+01
8.295363000000000397e+01 1.322700000000000031e+01
1.779848000000000070e+02 1.196000000000000085e+01
2.224809999999999945e+02 1.441499999999999915e+01
5.498458999999999719e+01 1.012199999999999989e+01
7.723269000000000517e+01 8.967000000000000526e+00
1.121939899999999994e+02 8.574999999999999289e+00
7.532299999999999329e+01 1.022300000000000075e+01
1.239536999999999978e+02 1.266600000000000037e+01
2.440934399999999869e+02 1.580499999999999972e+01
7.119392000000000280e+02 1.549099999999999966e+01
1.891088499999999897e+02 1.501999999999999957e+01
2.415508000000000095e+02 1.196000000000000085e+01
2.927214299999999980e+02 1.402200000000000024e+01
1.913336600000000089e+02 1.892099999999999937e+01
1.000211009999999987e+03 1.276699999999999946e+01
3.273648999999999774e+02 1.227399999999999913e+01
2.561709799999999859e+02 1.262100000000000044e+01
1.013877700000000033e+02 1.118699999999999939e+01
2.104034599999999955e+02 1.292399999999999949e+01
1.080622000000000071e+03 1.339499999999999957e+01
5.689157000000000153e+01 1.182499999999999929e+01
3.051168000000000120e+02 1.352899999999999991e+01
3.051168000000000120e+02 1.882000000000000028e+01
2.609384299999999826e+02 1.682499999999999929e+01
1.694033899999999903e+03 1.581600000000000072e+01
4.608534999999999968e+02 1.888700000000000045e+01
4.100006999999999948e+02 1.380899999999999928e+01
1.833879100000000051e+02 1.059299999999999997e+01
3.813960000000000150e+01 6.310999999999999943e+00
4.100006999999999607e+03 1.551299999999999990e+01
4.386054000000000030e+01 9.785000000000000142e+00
3.489630000000000109e+03 1.243999999999999950e+01
2.450000000000000000e+01 2.629999999999999893e+00
1.207754000000000048e+02 8.294999999999999929e+00
7.509999999999999787e+00 1.639999999999999902e+00
8.109999999999999432e+00 2.390000000000000124e+00
1.023370000000000005e+03 1.142999999999999972e+01
3.623261999999999716e+02 1.277800000000000047e+01
3.700000000000000178e+00 8.920000000000000151e-01
4.336120000000000196e+00 1.606000000000000094e+00
1.660000000000000142e+01 4.709999999999999964e+00
1.392095399999999927e+03 1.199399999999999977e+01
5.599999999999999645e+00 1.612999999999999989e+00
3.570000000000000284e+01 6.860000000000000320e+00
7.860000000000000320e+00 2.341000000000000192e+00
1.182000000000000028e+01 2.529999999999999805e+00
2.860469999999999800e+03 1.681400000000000006e+01
6.991569999999999709e+03 1.177699999999999925e+01
9.534899999999999636e+03 1.244200000000000017e+01
3.178300000000000182e+03 1.311500000000000021e+01
6.299999999999999822e+00 1.651000000000000023e+00
1.573258500000000026e+02 1.220700000000000074e+01
1.589149999999999920e+02 8.900000000000000133e-01
3.238687699999999836e+02 1.227399999999999913e+01
5.309999999999999609e+00 1.540000000000000036e+00
7.400000000000000355e+00 7.000000000000000000e+00
7.490000000000000213e+00 2.189999999999999947e+00
8.919999999999999929e+00 2.370000000000000107e+00
8.000000000000000000e+00 1.750000000000000000e+00
1.230002099999999956e+02 1.185899999999999999e+01
5.085280000000000200e+02 1.849500000000000099e+01
2.733337999999999965e+02 1.457199999999999918e+01
4.513186000000000035e+02 1.739600000000000080e+01
7.087609000000000492e+01 9.528000000000000469e+00
1.480000000000000071e+01 2.410000000000000142e+00
1.126782000000000039e+01 3.299999999999999822e+00
2.901299999999999990e-01 7.049999999999999600e-01
8.900000000000000355e+00 2.930000000000000160e+00
1.430000000000000071e+01 2.729999999999999982e+00
9.679999999999999716e+00 2.589999999999999858e+00
1.567999999999999972e+01 3.529999999999999805e+00
6.500000000000000000e+00 2.479999999999999982e+00
1.069999999999999929e+01 1.949999999999999956e+00
1.001164500000000004e+02 9.493999999999999773e+00
1.090000000000000036e+01 3.060000000000000053e+00
2.460004199999999912e+02 1.127599999999999980e+01
6.490000000000000213e+00 1.588999999999999968e+00
1.109999999999999964e+01 1.530000000000000027e+00
1.872018700000000138e+02 1.198199999999999932e+01
1.650000000000000000e+01 5.129999999999999893e+00
1.209999999999999964e+01 3.009999999999999787e+00
5.029999999999999716e+01 8.199999999999999289e+00
2.130000000000000071e+01 2.490000000000000213e+00
3.220000000000000284e+01 4.299999999999999822e+00
2.158065699999999936e+02 1.568099999999999916e+01
6.197684999999999889e+01 1.535599999999999987e+01
3.019384999999999764e+02 1.995200000000000173e+01
3.801246800000000121e+02 1.703800000000000026e+01
4.163573000000000093e+02 1.950400000000000134e+01
8.740325000000000273e+02 1.586100000000000065e+01
4.163573000000000093e+02 1.709400000000000119e+01
3.750394000000000005e+02 1.759799999999999898e+01
1.293568099999999959e+03 2.140899999999999892e+01
4.837169999999999845e+02 1.441499999999999915e+01
1.074901059999999916e+03 1.951500000000000057e+01
1.242715300000000070e+03 1.777700000000000102e+01
2.981245400000000245e+02 1.483000000000000007e+01
1.646359400000000051e+03 1.425799999999999912e+01
4.697527400000000171e+02 1.507600000000000051e+01
2.866826599999999985e+02 1.904400000000000048e+01
1.410000000000000000e+02 1.322700000000000031e+01
7.755051999999999452e+02 1.998600000000000065e+01
3.178300000000000182e+03 1.602899999999999991e+01
4.400000000000000022e-01 7.590000000000000080e-01
6.550000000000000266e-01 8.669999999999999929e-01
3.464347000000000207e+02 1.154499999999999993e+01
4.559999999999999609e+00 1.415999999999999925e+00
3.600000000000000089e+00 1.600000000000000089e+00
5.299999999999999822e+00 8.199999999999999512e-01
2.899999999999999911e+00 2.870000000000000107e+00
6.099999999999999645e+00 3.430000000000000160e+00
2.500000000000000000e+00 2.370000000000000107e+00
1.980000000000000071e+01 1.800000000000000044e+00
2.011863899999999887e+02 1.076099999999999923e+01
1.058329999999999984e+02 8.448999999999999844e+00
1.209999999999999964e+01 1.929999999999999938e+00
4.830000000000000000e+02 1.187400000000000055e+01
1.589149999999999920e+02 9.179999999999999716e+00
4.860000000000000142e+01 5.019999999999999574e+00
1.700000000000000000e+01 3.870000000000000107e+00
1.519999999999999929e+01 2.470000000000000195e+00
2.269999999999999929e+01 2.399999999999999911e+00
3.389999999999999858e+01 1.219999999999999973e+00
3.789999999999999858e+01 2.109999999999999876e+00
4.939999999999999858e+01 4.299999999999999822e+00
5.620000000000000284e+01 3.100000000000000089e+00
4.000000000000000000e+00 2.680000000000000160e+00
6.000000000000000000e+00 3.299999999999999822e+00
9.099999999999999645e+00 2.700000000000000178e+00
2.100000000000000089e+00 3.209999999999999964e+00
2.161244000000000142e+03 3.899999999999999911e+00
2.519999999999999929e+01 4.150000000000000355e+00
6.992000000000000171e+01 8.564000000000000057e+00
4.036299999999999955e+01 8.160000000000000142e+00
1.109999999999999964e+01 3.160000000000000142e+00
1.220000000000000000e+02 4.299999999999999822e+00
6.700000000000000000e+01 4.347000000000000419e+00
1.600000000000000000e+01 6.203999999999999737e+00
2.069999999999999840e+00 3.049999999999999822e+00
3.169999999999999929e+00 4.650000000000000355e+00
1.901999999999999957e+01 7.040000000000000036e+00
1.030999999999999943e+02 2.839999999999999858e+00
1.175900000000000034e+02 1.229999999999999982e+00
3.200000000000000000e+01 5.099999999999999645e+00
2.000000000000000000e+00 1.800000000000000044e+00
1.439769900000000007e+02 1.848400000000000176e+01
2.161200000000000045e+02 1.480000000000000071e+01
1.689999999999999947e+00 1.199999999999999956e+00
1.090000000000000036e+01 3.470000000000000195e+00
1.839999999999999858e+01 5.280000000000000249e+00
6.650000000000000355e+00 1.429999999999999938e+00
1.810000000000000053e+00 1.282000000000000028e+00
2.200000000000000178e+00 1.379999999999999893e+00
2.574309999999999832e+02 9.976000000000000867e+00
1.175971000000000004e+03 1.681400000000000006e+01
9.852730000000000246e+02 1.714999999999999858e+01
2.580779600000000187e+02 1.490799999999999947e+01
6.871484600000000000e+02 1.350699999999999967e+01
2.351941999999999950e+02 1.787800000000000011e+01
7.564353999999999587e+02 1.658899999999999864e+01
2.060000000000000142e+01 3.180000000000000160e+00
7.278306999999999505e+01 1.273300000000000054e+01
4.255743699999999876e+02 1.486299999999999955e+01
2.955819000000000187e+02 1.221799999999999997e+01
9.217069999999999936e+02 1.199399999999999977e+01
3.750394000000000005e+02 1.396700000000000053e+01
2.002329000000000008e+02 1.277800000000000047e+01
1.747990000000000066e+02 1.178100000000000058e+01
3.432563999999999851e+02 1.221799999999999997e+01
3.623261999999999716e+02 1.322700000000000031e+01
3.400781000000000063e+02 1.647700000000000031e+01
2.161244000000000085e+02 1.414600000000000080e+01
1.398451999999999998e+03 1.830399999999999849e+01
2.542639999999999873e+03 1.457199999999999918e+01
1.690000000000000000e+02 6.179999999999999716e+00
7.341599999999999682e+02 1.054800000000000004e+01
2.339228799999999922e+02 1.729500000000000171e+01
1.373025599999999940e+03 1.240799999999999947e+01
2.123104399999999998e+02 1.190399999999999991e+01
5.975203999999999951e+02 1.905499999999999972e+01
1.179149299999999982e+02 1.440399999999999991e+01
3.782176999999999794e+02 1.131000000000000050e+01
1.997589999999999918e+03 1.367500000000000071e+01
3.082820000000000164e+03 1.266600000000000037e+01
1.207700000000000045e+03 9.079000000000000625e+00
3.095664199999999937e+02 1.681400000000000006e+01
1.359999999999999964e+01 2.930000000000000160e+00
1.722638599999999997e+03 1.081700000000000017e+01
2.000000000000000000e+02 1.128999999999999915e+01
4.099999999999999756e-01 7.720000000000000195e-01
6.199999999999999956e-01 9.180000000000000382e-01
6.800000000000000488e-01 1.044999999999999929e+00
1.340000000000000080e+00 1.127000000000000002e+00
2.389979999999999905e+02 1.196000000000000085e+01
3.820316599999999880e+02 1.330499999999999972e+01
6.035591699999999946e+02 1.468399999999999928e+01
2.924035999999999831e+02 1.962699999999999889e+01
5.650779999999999745e+02 1.355199999999999960e+01
2.917679400000000101e+02 1.696999999999999886e+01
1.001120000000000005e+03 1.210599999999999987e+01
4.004658000000000015e+02 1.490799999999999947e+01
1.589099999999999966e+02 1.580000000000000071e+01
4.624426500000000146e+02 1.712699999999999889e+01
4.042629999999999768e+02 1.274499999999999922e+01
5.720940000000000509e+02 1.076099999999999923e+01
6.067374700000000303e+02 1.216200000000000081e+01
3.813960000000000150e+01 1.062599999999999945e+01
2.510857000000000028e+02 1.244200000000000017e+01
1.509692499999999882e+02 1.579299999999999926e+01
5.622412699999999859e+02 1.500900000000000034e+01
1.633646200000000022e+02 1.614099999999999824e+01
3.909309000000000083e+02 1.569299999999999962e+01
6.388383000000000038e+02 2.084900000000000020e+01
1.541475500000000011e+03 1.651099999999999923e+01
2.857291700000000105e+02 1.477299999999999969e+01
1.906980000000000075e+02 1.389899999999999913e+01
5.720940000000000225e+01 1.535599999999999987e+01
3.178299999999999841e+02 1.042399999999999949e+01
1.515989999999999895e+02 1.556900000000000084e+01
3.909309000000000083e+02 9.976000000000000867e+00
8.581409999999999627e+01 1.367500000000000071e+01
1.303103000000000122e+02 9.752000000000000668e+00
3.686827999999999861e+02 1.356300000000000061e+01
6.038769999999999527e+02 1.457199999999999918e+01
4.799232999999999834e+02 1.546799999999999997e+01
3.877525999999999726e+02 1.221799999999999997e+01
3.718610999999999933e+01 8.967000000000000526e+00
2.412329699999999775e+03 1.389899999999999913e+01
7.755051999999999452e+02 1.614099999999999824e+01
8.549627000000000407e+02 1.356300000000000061e+01
2.669771999999999821e+02 1.714999999999999858e+01
1.398452000000000055e+02 9.528000000000000469e+00
2.828686999999999898e+02 1.008799999999999919e+01
8.740324999999999989e+01 1.249799999999999933e+01
1.881553600000000017e+02 1.578200000000000003e+01
9.852729999999999677e+01 1.266600000000000037e+01
1.239536999999999978e+02 1.737399999999999878e+01
4.068224000000000018e+01 5.716999999999999638e+00
8.867457000000000562e+02 1.199399999999999977e+01
1.748064999999999998e+02 1.546799999999999997e+01
2.720000000000000000e+02 1.130000000000000071e+01
8.835674000000000206e+01 1.221799999999999997e+01
7.913967000000000098e+02 1.281199999999999939e+01
1.652715999999999894e+03 1.120899999999999963e+01
5.943420999999999594e+02 1.347300000000000075e+01
6.769778999999999769e+02 1.264400000000000013e+01
2.091321399999999926e+02 1.412299999999999933e+01
3.210083000000000197e+01 7.062000000000000277e+00
2.542639999999999873e+03 1.771000000000000085e+01
1.334885999999999910e+02 1.681400000000000006e+01
1.783026299999999935e+02 1.461700000000000088e+01
1.516049099999999896e+02 2.165599999999999881e+01
5.085280000000000200e+02 1.228500000000000014e+01
3.445277199999999880e+02 1.098499999999999943e+01
1.493800999999999988e+02 1.759799999999999898e+01
1.102870100000000093e+03 1.440399999999999991e+01
4.131789999999999736e+02 1.457199999999999918e+01
3.146517000000000053e+02 1.353999999999999915e+01
1.614576399999999978e+02 1.771000000000000085e+01
5.275978000000000065e+02 2.028800000000000026e+01
3.635975199999999859e+03 1.345100000000000051e+01
2.860470000000000255e+02 1.389899999999999913e+01
9.503117000000000303e+01 1.327100000000000080e+01
4.703884000000000043e+01 9.528000000000000469e+00
1.595506599999999935e+02 1.647700000000000031e+01
1.811630999999999858e+02 1.490799999999999947e+01
3.114734000000000265e+02 1.401099999999999923e+01
3.540626199999999812e+02 1.563700000000000045e+01
3.178299999999999841e+02 1.289000000000000057e+01
7.310090000000000146e+02 1.378700000000000081e+01
9.884099999999999397e+01 1.638800000000000168e+01
9.534499999999999886e+01 1.199000000000000021e+01
1.961011100000000056e+02 1.343999999999999950e+01
2.809499999999999886e+02 1.078299999999999947e+01
1.398452000000000055e+02 1.199399999999999977e+01
3.299075399999999831e+02 1.479599999999999937e+01
2.882599999999999909e+02 1.359699999999999953e+01
7.754699999999999704e+01 8.878000000000000114e+00
7.723269000000000233e+02 1.591699999999999982e+01
1.525584000000000060e+02 1.737399999999999878e+01
1.109226699999999937e+03 1.233000000000000007e+01
1.875099999999999909e+02 1.367500000000000071e+01
2.227988300000000095e+02 1.479599999999999937e+01
7.503966299999999592e+02 1.487400000000000055e+01
8.613192999999999984e+02 1.221799999999999997e+01
8.994589000000000567e+01 1.492999999999999972e+01
2.987601999999999975e+02 1.322700000000000031e+01
1.589079999999999870e+02 1.210599999999999987e+01
6.350243400000000520e+02 1.127599999999999980e+01
2.825389999999999873e+02 1.277800000000000047e+01
3.305432000000000130e+02 1.277800000000000047e+01
6.677329999999999472e+02 1.468399999999999928e+01
1.040000000000000036e+01 3.600000000000000089e+00
3.127447199999999725e+02 1.871900000000000119e+01
1.175970999999999975e+02 1.244200000000000017e+01
5.021499999999999773e+02 1.221799999999999997e+01
4.665550000000000068e+02 1.292399999999999949e+01
1.462017999999999915e+02 1.370899999999999963e+01
6.776135600000000068e+02 1.203800000000000026e+01
2.021310000000000002e+02 1.852799999999999869e+01
1.992794100000000128e+02 1.496400000000000041e+01
1.814730000000000132e+02 1.224000000000000021e+01
2.043646899999999960e+02 1.176900000000000013e+01
3.082950999999999908e+02 1.602899999999999991e+01
2.723803100000000086e+02 8.686999999999999389e+00
1.535118899999999940e+02 1.372000000000000064e+01
1.633580000000000041e+02 9.640000000000000568e+00
6.547019999999999982e+02 1.389899999999999913e+01
1.843413999999999930e+02 1.501999999999999957e+01
1.175970999999999975e+02 1.580499999999999972e+01
3.880704299999999876e+02 1.424699999999999989e+01
4.926200000000000045e+02 1.246400000000000041e+01
7.373655999999999722e+02 1.558099999999999952e+01
1.290339999999999918e+02 1.222899999999999920e+01
3.041633100000000240e+02 1.389899999999999913e+01
8.263580000000000325e+01 1.184800000000000075e+01
3.972875000000000227e+02 1.199399999999999977e+01
1.875120000000000005e+02 1.304700000000000060e+01
4.417837000000000103e+02 1.322700000000000031e+01
4.913763000000000147e+02 1.424000000000000021e+01
5.975000000000000000e+02 1.300200000000000067e+01
3.019384999999999764e+02 1.748600000000000065e+01
3.400600000000000023e+02 1.423499999999999943e+01
2.924035999999999831e+02 2.051200000000000045e+01
5.603342900000000100e+02 1.356300000000000061e+01
2.596671099999999797e+02 1.782199999999999918e+01
2.701555000000000177e+02 1.714999999999999858e+01
6.992000000000000455e+02 1.119999999999999929e+01
1.786204600000000084e+02 1.105199999999999960e+01
2.316980700000000013e+02 1.601800000000000068e+01
3.718611000000000217e+02 1.815899999999999892e+01
9.693814999999999316e+01 1.165700000000000003e+01
2.205740199999999902e+02 1.055899999999999928e+01
4.020549500000000194e+02 1.389899999999999913e+01
6.928694000000000415e+02 1.552399999999999913e+01
1.334885999999999910e+02 1.636499999999999844e+01
1.843413999999999987e+03 1.165700000000000003e+01
2.002329000000000008e+02 1.827100000000000080e+01
4.258922000000000025e+02 1.154499999999999993e+01
1.449304799999999886e+02 1.927899999999999991e+01
4.576752000000000180e+02 1.378700000000000081e+01
1.557367000000000132e+02 1.345100000000000051e+01
4.322488000000000170e+02 1.277800000000000047e+01
2.695198399999999879e+02 1.233000000000000007e+01
8.899239999999999782e+02 1.233000000000000007e+01
6.992000000000000000e+03 1.046799999999999997e+01
1.274440000000000055e+03 1.669999999999999929e+01
4.036440999999999804e+02 1.527800000000000047e+01
5.123419599999999718e+02 1.501999999999999957e+01
1.398451999999999998e+03 2.320299999999999940e+01
2.253414699999999868e+02 1.539000000000000057e+01
4.820000000000000284e+00 2.041999999999999815e+00
